81 31
000011111111111111111110000000000000000000000000001111100000000000000000000000000
000016666666666666166610000000000000000000000000001666100000000000000000000000000
000016111111111116161610000011111110000000000000111616100000001111111111111000000
000016661000000016661610000013333310000000000000166616100000111666133333331000000
001116161111111111111611111013333310000000001111161116111011166616133333331000000
001666133333333310001666661013333310000000001666661016661016661116133333331000000
001611133333333310001111161113333311111111111611111011161116111016133333331000000
001610133333333310000000166663333313333333166610000000166666100016633333331000000
001610133333333311111110111611111113333333161110000000111116111111111111111000000
001610133333333313333310001613333313333333161000000000000016133333331000000000000
001610133333333313333310111613333313333333161000111111111016133333331000000000000
001610133333333313333310166613333313333333161000133333331016133333331000000000000
001611133333333313333311161113333313333333161000133333331016133333331000000000000
001666633333333313333316661013333313333333161000133333331016633333331000000000000
001116111111111113333316111113333316111111161000133333331111111111111111111000000
001666166610000013333316666663333316666666661000133333331333333310133333331000000
001611161611111113333311161111111111161111111111133333331333333310133333331000000
001666661666666663333310161013333333161333333316633333331333333310133333331000000
111611111611111111111110161013333333161333333316111111111333333310133333331000000
166610001663333333100000161013333333161333333316133333101333333310133333331000000
161111111113333333100011161013333333161333333316133333101333333311133333331000000
133333333313333333100016661013333333161333333316133333101333333316633333331000000
133333333313333333100016111113333333161333333316133333111333333316133333331000000
133333333313333333100016666663333333161333333316133333166333333316633333331000000
133333333311111111111111161111111111161333333316633333161111111116111111111000000
133333333310000013333333161666661016666333333316633333166610001666100000000000000
133333333310000013333333161611161116111111111116111111111611111611100000000000000
133333333310000013333333166610166616661666166666101666666616666610000000000000000
161111111111111113333333111110111616161616161114111611111616111110000000000000000
126666666666666663333333100000001666166616661016666610001666100000000000000000000
111111111111111111111111100000001111111111111011111110001111100000000000000000000
